30
ret: 0.37949075720476444
mtx:
 [[768.16650684  , 0.    ,     652.89033724],
 [  0.      ,   767.74399029 ,360.31414726],
 [  0.       ,    0.      ,     1.        ]]
dist:
 [[-3.59600442e-02 , 4.61504494e-01  4.34821601e-04 ,-1.35861355e-03,
  -7.36531735e-01]]
rvecs:
 (array([[ 0.55426529],
       [-0.63676966],
       [ 2.99373808]]), array([[0.7392671 ],
       [0.01665513],
       [2.99416388]]), array([[-1.00849991],
       [-0.07692351],
       [ 2.91453907]]), array([[-0.11057024],
       [-0.02499887],
       [ 3.10180691]]), array([[-0.06917209],
       [-1.22049631],
       [-2.89074727]]), array([[-0.08736706],
       [-0.67239893],
       [ 3.04424282]]), array([[ 0.89667944],
       [-0.13570742],
       [ 2.8947726 ]]), array([[ 1.35489908],
       [-0.03662711],
       [-2.73019906]]), array([[-0.09068798],
       [-0.09982485],
       [ 3.0868006 ]]), array([[-0.03198363],
       [-1.42323924],
       [ 2.7418006 ]]), array([[ 0.05234714],
       [-1.53506028],
       [ 2.66503256]]), array([[-0.15611722],
       [ 0.10071405],
       [ 3.13432561]]), array([[ 0.02370877],
       [-1.1444836 ],
       [-2.92175979]]), array([[-2.47884152e-03],
       [ 1.58220430e-01],
       [-3.11828521e+00]]), array([[ 1.58888006e-03],
       [ 1.51129187e-01],
       [-3.12148683e+00]]), array([[-0.01662093],
       [ 0.16879254],
       [-3.11197301]]), array([[-0.47821532],
       [ 0.01609208],
       [ 3.06968787]]), array([[-0.99162794],
       [ 0.01548245],
       [ 2.96776822]]), array([[ 1.0668989 ],
       [-0.03473976],
       [ 2.93970947]]), array([[0.03237509],
       [0.33858314],
       [3.10289426]]), array([[0.00807236],
       [1.26957761],
       [2.85551216]]), array([[ 0.07760707],
       [-0.10283417],
       [-3.06376975]]), array([[ 0.09220473],
       [-0.91042323],
       [ 2.95827068]]), array([[-0.93721903],
       [-0.64169248],
       [ 2.76366112]]), array([[ 0.10442468],
       [-0.01598661],
       [-3.07402856]]), array([[-1.16291022],
       [-0.08067918],
       [ 2.79191046]]), array([[0.02070656],
       [1.25386516],
       [2.85565892]]), array([[-0.0889828 ],
       [ 0.26416084],
       [-3.10748175]]), array([[-0.02376714],
       [ 0.73788141],
       [-3.02284623]]), array([[-2.30595580e-03],
       [ 9.84030639e-01],
       [-2.95753953e+00]]))
tvecs:
 (array([[ 5.42646051],
       [ 4.89129836],
       [20.39667441]]), array([[ 3.23457238],
       [ 2.13168705],
       [12.22059231]]), array([[ 4.58633926],
       [ 1.95528474],
       [15.58568726]]), array([[ 5.01107135],
       [-1.40735722],
       [20.27537289]]), array([[ 4.71087788],
       [-0.08370765],
       [15.20731989]]), array([[ 3.90453185],
       [ 0.21988661],
       [18.60486568]]), array([[-0.05678415],
       [ 2.68343083],
       [25.10796818]]), array([[-2.19109478],
       [ 3.14785418],
       [28.19217503]]), array([[ 3.78207405],
       [ 0.4352422 ],
       [17.29950162]]), array([[ 3.70602663],
       [-0.78386201],
       [20.25057322]]), array([[ 5.40920346],
       [ 1.10196027],
       [21.61497442]]), array([[ 3.33094189],
       [ 3.22226564],
       [14.09686601]]), array([[ 5.74781993],
       [ 2.28950055],
       [21.38079372]]), array([[3.83698858],
       [3.87838409],
       [9.03839205]]), array([[3.88708369],
       [3.79181702],
       [8.91747036]]), array([[3.55699257],
       [3.97036873],
       [9.23432932]]), array([[ 3.86400777],
       [ 2.25722776],
       [16.43014992]]), array([[ 3.52068063],
       [ 2.22262312],
       [17.42451851]]), array([[10.25541906],
       [ 1.29798263],
       [17.95892349]]), array([[ 5.28151472],
       [ 5.24481574],
       [18.5273459 ]]), array([[ 5.10730628],
       [ 4.74558549],
       [16.51917243]]), array([[ 2.41460701],
       [ 3.41458576],
       [13.23052463]]), array([[ 5.70054309],
       [ 5.07175038],
       [20.57578522]]), array([[ 6.02234458],
       [ 4.09160344],
       [22.49361113]]), array([[ 2.03943727],
       [ 3.10365765],
       [17.02046059]]), array([[ 3.27629507],
       [ 1.84335576],
       [24.53594414]]), array([[ 4.74309577],
       [ 2.10932404],
       [11.68188291]]), array([[ 3.8859484 ],
       [ 2.99643046],
       [13.15372356]]), array([[ 3.86948485],
       [ 3.04230737],
       [13.93891064]]), array([[ 3.73987278],
       [ 3.18901377],
       [14.02760881]]))
[[630.05780029   0.         535.50715948]
 [  0.         733.30859375 360.67769242]
 [  0.           0.           1.        ]]
------------------use undistort function-------------------
Method 1:dst The size of the is: (679, 1050, 3)