42
ret: 2.0372360917550623
mtx:
 [[812.97671326  , 0.      ,   645.05630951],
 [  0.   ,      813.93289517 ,356.96051563],
 [  0.      ,     0.      ,     1.        ]]
dist:
[[-3.59600442e-02  4.61504494e-01  4.34821601e-04 -1.35861355e-03
  -7.36531735e-01]]
rvecs:
 (array([[-1.40325478],
       [-0.1174478 ],
       [ 2.73909946]]), array([[-1.40027182],
       [-0.1208234 ],
       [ 2.73832439]]), array([[ 0.00561163],
       [-1.13617066],
       [-2.93061864]]), array([[-0.98175788],
       [-0.00390322],
       [ 2.96305265]]), array([[ 1.05637405],
       [-0.02893609],
       [ 2.94164345]]), array([[0.0346332 ],
       [0.39736114],
       [3.09002312]]), array([[ 0.092641  ],
       [-0.94536402],
       [ 2.94378048]]), array([[-1.14241824],
       [-0.07341601],
       [ 2.79253655]]), array([[ 0.02411373],
       [-1.16536337],
       [-2.90906264]]), array([[-0.02329237],
       [ 0.99445022],
       [-2.95470025]]), array([[ 1.09234145],
       [-0.03681073],
       [ 2.92768601]]), array([[0.0566624 ],
       [0.35179478],
       [3.09865808]]), array([[ 0.56888884],
       [-0.6420414 ],
       [ 2.98814034]]), array([[0.75865092],
       [0.02354827],
       [2.98829427]]), array([[-1.0062937 ],
       [-0.06855206],
       [ 2.91751752]]), array([[-0.10734136],
       [-0.01973056],
       [ 3.10267582]]), array([[-0.07982368],
       [-1.2366442 ],
       [-2.88018443]]), array([[-0.07570122],
       [-0.67297602],
       [ 3.04339298]]), array([[ 0.91289876],
       [-0.12997698],
       [ 2.88777751]]), array([[ 1.3225709 ],
       [-0.0367315 ],
       [-2.74408293]]), array([[-0.09162053],
       [-0.10421259],
       [ 3.08683204]]), array([[-0.01649965],
       [-1.410675  ],
       [ 2.74385487]]), array([[ 0.06115633],
       [-1.53092747],
       [ 2.66367716]]), array([[-0.16201976],
       [ 0.11611463],
       [ 3.13354458]]), array([[ 0.01575102],
       [-1.15400607],
       [-2.91550036]]), array([[-0.0063685 ],
       [ 0.16653455],
       [-3.11839529]]), array([[-2.07452961e-03],
       [ 1.58984791e-01],
       [-3.12160510e+00]]), array([[-0.02259196],
       [ 0.17765556],
       [-3.11216658]]), array([[-0.47675465],
       [ 0.02434502],
       [ 3.07059771]]), array([[-0.98432557],
       [ 0.02335078],
       [ 2.97186636]]), array([[ 1.05670157],
       [-0.02422587],
       [ 2.94225335]]), array([[0.03847111],
       [0.36304269],
       [3.10112895]]), array([[0.01595118],
       [1.26420193],
       [2.86028377]]), array([[ 0.08255944],
       [-0.11933607],
       [-3.06322555]]), array([[ 0.10362683],
       [-0.91563065],
       [ 2.95423343]]), array([[-0.93287326],
       [-0.64158513],
       [ 2.76297559]]), array([[ 0.11800767],
       [-0.02843591],
       [-3.0737249 ]]), array([[-1.15163087],
       [-0.07300923],
       [ 2.79846616]]), array([[0.03014574],
       [1.26451426],
       [2.85393656]]), array([[-0.09830335],
       [ 0.27287165],
       [-3.10744339]]), array([[-0.03480319],
       [ 0.74702643],
       [-3.02289259]]), array([[-0.01429637],
       [ 0.99278854],
       [-2.95815235]]))
tvecs:
 (array([[ 1.63144278],
       [ 1.56003673],
       [18.0804512 ]]), array([[ 1.63656084],
       [ 1.54700402],
       [18.07286479]]), array([[ 5.97782411],
       [ 2.36837291],
       [22.53958025]]), array([[ 3.67758403],
       [ 2.24619213],
       [18.17246732]]), array([[10.44086647],
       [ 1.42544361],
       [18.89487666]]), array([[ 5.48584815],
       [ 5.25170466],
       [19.39095947]]), array([[ 5.89707715],
       [ 5.07267972],
       [21.51489183]]), array([[ 3.53580261],
       [ 1.92098013],
       [25.56728418]]), array([[ 5.96574814],
       [ 2.38569494],
       [22.56368939]]), array([[ 3.87277327],
       [ 3.22618507],
       [14.61074075]]), array([[10.39463786],
       [ 1.37990651],
       [18.882514  ]]), array([[ 5.47727089],
       [ 5.30974863],
       [19.55352963]]), array([[ 5.63816324],
       [ 4.97394786],
       [21.47361009]]), array([[ 3.36079757],
       [ 2.18611024],
       [12.92862207]]), array([[ 4.7081687 ],
       [ 2.02908043],
       [16.23338265]]), array([[ 5.21414347],
       [-1.30734237],
       [21.36335568]]), array([[ 4.86973988],
       [-0.02032609],
       [16.09326259]]), array([[ 4.08703951],
       [ 0.30132042],
       [19.51926789]]), array([[ 0.19689084],
       [ 2.79328699],
       [26.63766498]]), array([[-1.87156269],
       [ 3.26464974],
       [29.5061842 ]]), array([[ 3.95406499],
       [ 0.51392121],
       [18.24964897]]), array([[ 3.91026853],
       [-0.68109805],
       [21.18129271]]), array([[ 5.62163186],
       [ 1.18952641],
       [22.65536832]]), array([[ 3.4728107 ],
       [ 3.28304373],
       [14.83735264]]), array([[ 5.97155103],
       [ 2.38223326],
       [22.60426276]]), array([[3.92866009],
       [3.91463015],
       [9.52522141]]), array([[3.97733838],
       [3.82792684],
       [9.39820589]]), array([[3.65119422],
       [4.00693112],
       [9.72812024]]), array([[ 4.01464737],
       [ 2.33101335],
       [17.22637516]]), array([[ 3.67377919],
       [ 2.30204989],
       [18.18274204]]), array([[10.48208097],
       [ 1.38197822],
       [19.05751977]]), array([[ 5.47257528],
       [ 5.31581486],
       [19.49697119]]), array([[ 5.28330768],
       [ 4.83043593],
       [17.46833732]]), array([[ 2.55132617],
       [ 3.47106881],
       [13.94017086]]), array([[ 5.90751051],
       [ 5.14412071],
       [21.59510684]]), array([[ 6.22106721],
       [ 4.16474712],
       [23.50513098]]), array([[ 2.21189092],
       [ 3.17709594],
       [17.96286361]]), array([[ 3.51299656],
       [ 1.95319957],
       [25.70181258]]), array([[ 4.86600319],
       [ 2.16155884],
       [12.35537054]]), array([[ 4.02133129],
       [ 3.0499976 ],
       [13.85283942]]), array([[ 4.00827189],
       [ 3.08535433],
       [14.60623391]]), array([[ 3.87906876],
       [ 3.22544056],
       [14.66192774]]))
-----------------------------------------------------
[[812.34155273 ,  0.     ,    644.55235489],
 [  0.  ,       716.50360107 ,342.49966505],
 [  0.     ,      0.    ,       1.        ]]
------------------use undistort function-------------------
Method 1:dst The size of the is: (625, 1279, 3)